3,187,4,99
60,1,2,3,4,5,6,7,8,9,10,11,12,13,14,15,16,17,18,19,20,21,22,23,24,25,26,27,28,29,30,1,2,3,4,5,6,7,8,9,10,11,12,13,14,15,16,17,18,19,20,21,22,23,24,25,26,27,28,29,30
3,1,2,3
4,1,2,3,Text Input
1,0
1,1
1,22
1,999
1,-33
1,3.223
1,-33.33
2,1,2
2,22,44
2,23.22,33.33
2,-2.22,3
5,0,0,0,0,33
100,2147483648,2147483648,2147483648,2147483648,2147483648,2147483648,2147483648,2147483648,2147483648,2147483648,2147483648,2147483648,2147483648,2147483648,2147483648,2147483648,2147483648,2147483648,2147483648,2147483648,2147483648,2147483648,2147483648,2147483648,2147483648,2147483648,2147483648,2147483648,2147483648,2147483648,2147483648,2147483648,2147483648,2147483648,2147483648,2147483648,2147483648,2147483648,2147483648,2147483648,2147483648,2147483648,2147483648,2147483648,2147483648,2147483648,2147483648,2147483648,2147483648,2147483648,2147483648,2147483648,2147483648,2147483648,2147483648,2147483648,2147483648,2147483648,2147483648,2147483648,2147483648,2147483648,2147483648,2147483648,2147483648,2147483648,2147483648,2147483648,2147483648,2147483648,2147483648,2147483648,2147483648,2147483648,2147483648,2147483648,2147483648,2147483648,2147483648,2147483648,2147483648,2147483648,2147483648,2147483648,2147483648,2147483648,2147483648,2147483648,2147483648,2147483648,2147483648,2147483648,2147483648,2147483648,2147483648,2147483648,2147483648,2147483648,2147483648,2147483647
